102
0.82500000 0.02490000
0.82100000 0.02530000
0.81300000 0.02605000
0.80250000 0.02705000
0.79000000 0.02813000
0.77500000 0.02960000
0.75500000 0.03125000
0.73000000 0.03325000
0.67500000 0.03690000
0.65000000 0.03840000
0.60000000 0.04090000
0.55000000 0.04290000
0.50000000 0.04400000
0.45000000 0.04560000
0.40000000 0.04620000
0.35000000 0.04650000
0.30000000 0.04630000
0.25000000 0.04560000
0.20000000 0.04410000
0.15000000 0.04160000
0.11000000 0.03860000
0.07500000 0.03460000
0.05000000 0.03040000
0.03250000 0.02630000
0.01250000 0.01870000
0.00700000 0.01500000
0.00400000 0.0118500
0.00150000 0.00750000
0.00035000 0.00350000
0.00000000 0.00000000
0.00035000 -0.00350000
0.00150000 -0.00750000
0.00400000 -0.01185000
0.00700000 -0.01500000
0.01250000 -0.01870000
0.02000000 -0.02220000
0.03250000 -0.02630000
0.05000000 -0.03040000
0.07500000 -0.03460000
0.11000000 -0.03860000
0.15000000 -0.04160000
0.20000000 -0.04410000
0.25000000 -0.04560000
0.30000000 -0.04630000
0.35000000 -0.04650000
0.40000000 -0.04620000
0.45000000 -0.04550000
0.50000000 -0.04430000
0.55000000 -0.04230000
0.60000000 -0.03890000
0.65000000 -0.03310000
0.67500000 -0.02870000
0.67500000 -0.02600000
0.67500000 -0.02000000
0.67850000 -0.01000000
0.69000000 0.00230000
0.70700000 0.01200000
0.73000000 0.01950000
0.75500000 0.02350000
0.77500000 0.02490000
0.79000000 0.02520000
0.80250000 0.02520000
0.81300000 0.02500000
0.82100000 0.02450000
0.82500000 0.02410000
1.04452 -0.174039
1.04154 -0.169906
1.03549 -0.161719
1.02904 -0.151898
1.01392 -0.133495
0.994973 -0.109813
0.972586 -0.0824781
0.956278 -0.063285
0.942893 -0.0483078
0.928659 -0.0342356
0.913141 -0.0215674
0.896718 -0.00990118
0.879276 0.000660927
0.860282 0.00958943
0.844341 0.0145973
0.83236 0.0166225
0.826485 0.0167615
0.821812 0.0161398
0.818534 0.0150651
0.816325 0.0137078
0.814826 0.0120932
0.814102 0.0103121
0.814323 0.00859945
0.815672 0.00681515
0.818908 0.00471331
0.825717 0.000304919
0.837481 -0.00759523
0.858485 -0.0217212
0.891194 -0.0452644
0.92319 -0.0695797
0.954241 -0.094929
0.984064 -0.121585
1.0054 -0.14271
1.01892 -0.15754
1.02863 -0.169126
1.03482 -0.177173
1.03788 -0.181228
