1.04452 -0.174039
1.04154 -0.169906
1.03549 -0.161719
1.02904 -0.151898
1.01392 -0.133495
0.994973 -0.109813
0.972586 -0.0824781
0.956278 -0.063285
0.942893 -0.0483078
0.928659 -0.0342356
0.913141 -0.0215674
0.896718 -0.00990118
0.879276 0.000660927
0.860282 0.00958943
0.844341 0.0145973
0.83236 0.0166225
0.826485 0.0167615
0.821812 0.0161398
0.818534 0.0150651
0.816325 0.0137078
0.814826 0.0120932
0.814102 0.0103121
0.814323 0.00859945
0.815672 0.00681515
0.818908 0.00471331
0.825717 0.000304919
0.837481 -0.00759523
0.858485 -0.0217212
0.891194 -0.0452644
0.92319 -0.0695797
0.954241 -0.094929
0.984064 -0.121585
1.0054 -0.14271
1.01892 -0.15754
1.02863 -0.169126
1.03482 -0.177173
1.03788 -0.181228
