35
1.0007 0.0016
0.9535 0.0285
0.9051 0.0520
0.8047 0.0880
0.7000 0.1089
0.5985 0.1196
0.4965 0.1256
0.3943 0.1262
0.2922 0.1201
0.2413 0.1139
0.1907 0.1053
0.1404 0.0936
0.0909 0.0777
0.0665 0.0675
0.0423 0.0551
0.0193 0.0386
0.0083 0.0270
0.0000 0.0000
0.0167 -0.0228
0.0307 -0.0301
0.0575 -0.0385
0.0835 -0.0432
0.1091 -0.0458
0.1596 -0.0477
0.2093 -0.0465
0.2587 -0.0435
0.3087 -0.0392
0.4057 -0.0282
0.5035 -0.0154
0.6015 -0.0021
0.7000 0.0112
0.7954 0.0187
0.8949 0.0147
0.9465 0.0082
0.9993 -0.0016