102
0.82500000 0.02490000
0.82100000 0.02530000
0.81300000 0.02605000
0.80250000 0.02705000
0.79000000 0.02813000
0.77500000 0.02960000
0.75500000 0.03125000
0.73000000 0.03325000
0.67500000 0.03690000
0.65000000 0.03840000
0.60000000 0.04090000
0.55000000 0.04290000
0.50000000 0.04400000
0.45000000 0.04560000
0.40000000 0.04620000
0.35000000 0.04650000
0.30000000 0.04630000
0.25000000 0.04560000
0.20000000 0.04410000
0.15000000 0.04160000
0.11000000 0.03860000
0.07500000 0.03460000
0.05000000 0.03040000
0.03250000 0.02630000
0.01250000 0.01870000
0.00700000 0.01500000
0.00400000 0.0118500
0.00150000 0.00750000
0.00035000 0.00350000
0.00000000 0.00000000
0.00035000 -0.00350000
0.00150000 -0.00750000
0.00400000 -0.01185000
0.00700000 -0.01500000
0.01250000 -0.01870000
0.02000000 -0.02220000
0.03250000 -0.02630000
0.05000000 -0.03040000
0.07500000 -0.03460000
0.11000000 -0.03860000
0.15000000 -0.04160000
0.20000000 -0.04410000
0.25000000 -0.04560000
0.30000000 -0.04630000
0.35000000 -0.04650000
0.40000000 -0.04620000
0.45000000 -0.04550000
0.50000000 -0.04430000
0.55000000 -0.04230000
0.60000000 -0.03890000
0.65000000 -0.03310000
0.67500000 -0.02870000
0.67500000 -0.02600000
0.67500000 -0.02000000
0.67850000 -0.01000000
0.69000000 0.00230000
0.70700000 0.01200000
0.73000000 0.01950000
0.75500000 0.02350000
0.77500000 0.02490000
0.79000000 0.02520000
0.80250000 0.02520000
0.81300000 0.02500000
0.82100000 0.02450000
0.82500000 0.02410000
1.00968 -0.209064
1.00746 -0.204476
1.00292 -0.195362
0.998277 -0.184572
0.986585 -0.163823
0.972034 -0.13721
0.954734 -0.106403
0.942006 -0.0846693
0.931426 -0.0675955
0.919851 -0.0512652
0.906769 -0.0360949
0.892621 -0.021754
0.877279 -0.00832372
0.860123 0.00376755
0.845294 0.0114673
0.833847 0.0155423
0.828085 0.0166995
0.823375 0.0168986
0.819961 0.0164094
0.817549 0.0154563
0.815793 0.0141264
0.814771 0.0124982
0.814691 0.0107732
0.815709 0.00878187
0.818531 0.00615003
0.824471 0.000626161
0.834685 -0.0091968
0.852917 -0.0267555
0.881041 -0.0556209
0.908329 -0.0851229
0.934505 -0.115479
0.959246 -0.146909
0.976586 -0.171417
0.987326 -0.188369
0.994882 -0.201466
0.999575 -0.210466
1.00188 -0.21499
