
82.50  2.409
82.10  2.45
81.30  2.50
80.25  2.52
79.00  2.52
77.50  2.49
75.50  2.35
73.00  1.95
70.70  1.20
69.00  0.23
67.85  -1.00
67.50  -2.00
67.50  -2.60
67.50  -2.87
65.00  -3.31
60.00  -3.89
55.00  -4.23
50.00  -4.43
45.00  -4.55
40.00  -4.62
35.00  -4.65
30.00  -4.63
25.00  -4.56
20.00  -4.41
15.00  -4.16
11.67  -3.91
11.00  -3.86
7.500  -3.46
5.000  -3.04
3.250  -2.63
2.000  -2.22
1.250  -1.87
0.700  -1.50
0.400  -1.185
0.150  -0.750
0.035  -0.350
0.0  0.0
0.035  0.350
0.150  0.750
0.400  1.185
0.700  1.50
1.250  1.87
2.000  2.22
3.250  2.63
5.000  3.04
7.500  3.46
11.00  3.86
15.00  4.16
20.00  4.41
25.00  4.56
30.00  4.63
35.00  4.65
40.00  4.62
45.00  4.56
50.00  4.44
55.00  4.29
60.00  4.09
65.00  3.840
67.50  3.690
70.50  3.520
73.00  3.325
75.50  3.125
77.50  2.960
79.00  2.813
80.25  2.705
81.30  2.605
82.10  2.530
82.50  2.490
82.50  2.41 






























