62
1 -0.0002
0.995 0.0007
0.985 0.0026
0.97 0.0053
0.94 0.0102
0.9 0.0161
0.85 0.0222
0.8 0.0274
0.75 0.0317
0.7 0.0353
0.65000000 0.03840000
0.60000000 0.04090000
0.55000000 0.04290000
0.50000000 0.04400000
0.45000000 0.04560000
0.40000000 0.04620000
0.35000000 0.04650000
0.30000000 0.04630000
0.25000000 0.04560000
0.20000000 0.04410000
0.15000000 0.04160000
0.11000000 0.03860000
0.07500000 0.03460000
0.05000000 0.03040000
0.03250000 0.02630000
0.01250000 0.01870000
0.00700000 0.01500000
0.00400000 0.00118500
0.00150000 0.00750000
0.00035000 0.00350000
0.00000000 0.00000000
0.00035000 -0.00350000
0.00150000 -0.00750000
0.00400000 -0.01185000
0.00700000 -0.01500000
0.01250000 -0.01870000
0.02000000 -0.02220000
0.03250000 -0.02630000
0.05000000 -0.03040000
0.07500000 -0.03460000
0.11000000 -0.03860000
0.15000000 -0.04160000
0.20000000 -0.04410000
0.25000000 -0.04560000
0.30000000 -0.04630000
0.35000000 -0.04650000
0.40000000 -0.04620000
0.45000000 -0.04550000
0.50000000 -0.04430000
0.55000000 -0.04230000
0.60000000 -0.03890000
0.65 -0.0331
0.7 -0.0243
0.75 -0.0163
0.8 -0.0099
0.85 -0.0052
0.9 -0.0028
0.94 -0.0032
0.97 -0.0058
0.985 -0.00765
0.995 -0.0091
1 -0.01
