37
0.994366 -0.471732
0.990713 -0.468179
0.983329 -0.461168
0.972158 -0.450816
0.957192 -0.437118
0.934416 -0.417087
0.907623 -0.394055
0.888229 -0.377985
0.872448 -0.36556
0.855985 -0.354174
0.838504 -0.344393
0.820304 -0.335756
0.801293 -0.328383
0.781037 -0.322889
0.764469 -0.320725
0.752318 -0.320811
0.746508 -0.321695
0.742014 -0.323118
0.738973 -0.324746
0.737033 -0.326466
0.735837 -0.328317
0.735433 -0.330196
0.735948 -0.331845
0.737586 -0.333368
0.741138 -0.334876
0.748609 -0.338035
0.761567 -0.343772
0.784705 -0.354036
0.821006 -0.371541
0.856738 -0.38993
0.891719 -0.409502
0.925717 -0.430574
0.950394 -0.447673
0.966284 -0.45993
0.977865 -0.469653
0.985352 -0.476504
0.989069 -0.479967
