102
0.82500000 0.02490000
0.82100000 0.02530000
0.81300000 0.02605000
0.80250000 0.02705000
0.79000000 0.02813000
0.77500000 0.02960000
0.75500000 0.03125000
0.73000000 0.03325000
0.67500000 0.03690000
0.65000000 0.03840000
0.60000000 0.04090000
0.55000000 0.04290000
0.50000000 0.04400000
0.45000000 0.04560000
0.40000000 0.04620000
0.35000000 0.04650000
0.30000000 0.04630000
0.25000000 0.04560000
0.20000000 0.04410000
0.15000000 0.04160000
0.11000000 0.03860000
0.07500000 0.03460000
0.05000000 0.03040000
0.03250000 0.02630000
0.01250000 0.01870000
0.00700000 0.01500000
0.00400000 0.0118500
0.00150000 0.00750000
0.00035000 0.00350000
0.00000000 0.00000000
0.00035000 -0.00350000
0.00150000 -0.00750000
0.00400000 -0.01185000
0.00700000 -0.01500000
0.01250000 -0.01870000
0.02000000 -0.02220000
0.03250000 -0.02630000
0.05000000 -0.03040000
0.07500000 -0.03460000
0.11000000 -0.03860000
0.15000000 -0.04160000
0.20000000 -0.04410000
0.25000000 -0.04560000
0.30000000 -0.04630000
0.35000000 -0.04650000
0.40000000 -0.04620000
0.45000000 -0.04550000
0.50000000 -0.04430000
0.55000000 -0.04230000
0.60000000 -0.03890000
0.65000000 -0.03310000
0.67500000 -0.02870000
0.67500000 -0.02600000
0.67500000 -0.02000000
0.67850000 -0.01000000
0.69000000 0.00230000
0.70700000 0.01200000
0.73000000 0.01950000
0.75500000 0.02350000
0.77500000 0.02490000
0.79000000 0.02520000
0.80250000 0.02520000
0.81300000 0.02500000
0.82100000 0.02450000
0.82500000 0.02410000
1.07889 -0.134152
1.07524 -0.130599
1.06786 -0.123588
1.0598 -0.115036
1.04172 -0.0995377
1.01894 -0.0795062
0.99215 -0.0564737
0.972756 -0.0404041
0.956975 -0.0279786
0.940513 -0.016592
0.923031 -0.00681082
0.904831 0.00182622
0.885821 0.00919922
0.865564 0.0146937
0.848997 0.0168574
0.836846 0.0167714
0.831036 0.0158881
0.826542 0.0144643
0.8235 0.0128369
0.82156 0.0111164
0.820365 0.00926617
0.819961 0.00738635
0.820476 0.0057381
0.822114 0.00421508
0.825666 0.00270712
0.833137 -0.000451858
0.846094 -0.00618916
0.869232 -0.0164532
0.905533 -0.0339588
0.941265 -0.0523487
0.976245 -0.0719211
1.01024 -0.0929936
1.03492 -0.110093
1.05081 -0.12235
1.06239 -0.132073
1.06988 -0.138924
1.0736 -0.142386
