37 30 0.8205 0.0095
0.29560 0.00479
0.29066 0.00604
0.28076 0.00842
0.26951 0.01180
0.24610 0.01618
0.21636 0.02214
0.18164 0.02869
0.15681 0.03291
0.13693 0.03578
0.11698 0.03741
0.09695 0.03714
0.07687 0.03552
0.05672 0.03240
0.03643 0.02703
0.02100 0.02062
0.01052 0.01447
0.00593 0.01080
0.00275 0.00732
0.00093 0.00439
0.00011 0.00193
0.00000 -0.00027
0.00059 -0.00210
0.00186 -0.00327
0.00404 -0.00377
0.00787 -0.00330
0.01592 -0.00230
0.03001 -0.00079
0.05518 0.00189
0.09537 0.00488
0.13551 0.00682
0.17559 0.00736
0.21557 0.00611
0.24549 0.00364
0.26538 0.00097
0.28027 -0.00166
0.29018 -0.00385
0.29513 -0.00499
