1.07889 -0.134152
1.07524 -0.130599
1.06786 -0.123588
1.0598 -0.115036
1.04172 -0.0995377
1.01894 -0.0795062
0.99215 -0.0564737
0.972756 -0.0404041
0.956975 -0.0279786
0.940513 -0.016592
0.923031 -0.00681082
0.904831 0.00182622
0.885821 0.00919922
0.865564 0.0146937
0.848997 0.0168574
0.836846 0.0167714
0.831036 0.0158881
0.826542 0.0144643
0.8235 0.0128369
0.82156 0.0111164
0.820365 0.00926617
0.819961 0.00738635
0.820476 0.0057381
0.822114 0.00421508
0.825666 0.00270712
0.833137 -0.000451858
0.846094 -0.00618916
0.869232 -0.0164532
0.905533 -0.0339588
0.941265 -0.0523487
0.976245 -0.0719211
1.01024 -0.0929936
1.03492 -0.110093
1.05081 -0.12235
1.06239 -0.132073
1.06988 -0.138924
1.0736 -0.142386
