1.00968 -0.209064
1.00746 -0.204476
1.00292 -0.195362
0.998277 -0.184572
0.986585 -0.163823
0.972034 -0.13721
0.954734 -0.106403
0.942006 -0.0846693
0.931426 -0.0675955
0.919851 -0.0512652
0.906769 -0.0360949
0.892621 -0.021754
0.877279 -0.00832372
0.860123 0.00376755
0.845294 0.0114673
0.833847 0.0155423
0.828085 0.0166995
0.823375 0.0168986
0.819961 0.0164094
0.817549 0.0154563
0.815793 0.0141264
0.814771 0.0124982
0.814691 0.0107732
0.815709 0.00878187
0.818531 0.00615003
0.824471 0.000626161
0.834685 -0.0091968
0.852917 -0.0267555
0.881041 -0.0556209
0.908329 -0.0851229
0.934505 -0.115479
0.959246 -0.146909
0.976586 -0.171417
0.987326 -0.188369
0.994882 -0.201466
0.999575 -0.210466
1.00188 -0.21499
